%YAML:1.0
---
calibration_time: "Sel 04 Sep 2018 05:25:28  WIB"
nframes: 14
image_width: 640
image_height: 360
board_width: 10
board_height: 7
square_size: 1.
aspectRatio: 1.
flags: 2
camera_matrix: !!opencv-matrix
   rows: 3
   cols: 3
   dt: d
   data: [ 6.2199712848745082e+02, 0., 3.2888668351538962e+02, 0.,
       6.2199712848745082e+02, 1.5380390040375113e+02, 0., 0., 1. ]
distortion_coefficients: !!opencv-matrix
   rows: 5
   cols: 1
   dt: d
   data: [ -8.3366962310386095e-01, 1.1290740466268809e+00,
       3.2401224978942267e-02, 5.3238332194655777e-03,
       -1.1634189384364813e+00 ]
avg_reprojection_error: 1.1477168656568726e+00
per_view_reprojection_errors: !!opencv-matrix
   rows: 14
   cols: 1
   dt: f
   data: [ 1.05348277e+00, 1.11111915e+00, 1.46086395e+00,
       1.29148448e+00, 1.00808787e+00, 1.02894902e+00, 8.97594512e-01,
       9.18245614e-01, 9.55540776e-01, 1.29369390e+00, 1.36787426e+00,
       1.28035700e+00, 1.20527291e+00, 1.01068354e+00 ]
extrinsic_parameters: !!opencv-matrix
   rows: 14
   cols: 6
   dt: d
   data: [ 1.8383053338147695e-01, 9.9777803805322127e-02,
       3.1164678175243745e+00, 5.4609919344208802e+00,
       3.7364673360574776e+00, 1.9344608896013920e+01,
       1.6409894916850698e-01, 8.4793301305656391e-02,
       3.1181758897536063e+00, 5.4335453418150870e+00,
       3.6609702161850017e+00, 1.9049135395925060e+01,
       -2.5502489673063505e-01, -8.9535141125281534e-02,
       -3.0862560395427692e+00, 3.7989802601218550e+00,
       4.1319270331625342e+00, 1.5795105672051738e+01,
       -2.8299664700685856e-01, -1.9538878524529998e-01,
       -3.0906203706236735e+00, 4.8538691628998727e+00,
       3.6848894947709483e+00, 1.5410454745117116e+01,
       4.0787595291956780e-01, 1.2480249275572754e-01,
       3.0991249191942374e+00, 4.9942664561320376e+00,
       4.8732039184164302e+00, 2.1468565702328014e+01,
       -8.0765015852458891e-02, 2.4637766758036003e-01,
       3.0589188889689178e+00, 3.7203211206093010e+00,
       5.4418849706598333e+00, 2.2623119130025017e+01,
       5.7024009656200705e-02, 2.0431801655612850e-01,
       3.0894582238203294e+00, 5.3764621713801795e+00,
       4.7965693978685380e+00, 2.5682687951688720e+01,
       -8.3634279791058530e-02, 2.2102190703336791e-01,
       2.7537453011029460e+00, 6.1966249957317698e+00,
       4.4252417128225652e+00, 2.7255245697404774e+01,
       -1.9006428635860678e-01, -3.9122590548317954e-01,
       -2.7281459974322599e+00, 6.4026922673750688e+00,
       5.3574294313399040e+00, 2.3448745979397994e+01,
       3.7937572404686937e-01, 5.3076775821496358e-01,
       3.0103443897343394e+00, 5.7179568218306391e+00,
       2.5019203995040997e+00, 1.2519869581839107e+01,
       5.5266069133734830e-01, 6.6345510316993406e-01,
       2.9509730102602632e+00, 7.6550857838087882e+00,
       2.7694908571415979e+00, 1.4049109303904251e+01,
       2.0085041809420207e-01, 2.5859571262730341e-01,
       2.9430743429450814e+00, 5.7600485237327872e+00,
       1.8403146199049534e+00, 1.4364068919870416e+01,
       -2.3412257205004261e-01, 1.9517989484580942e-01,
       2.9572670878941576e+00, 5.8554681785912521e+00,
       2.7066769916476239e+00, 1.7630345259514971e+01,
       -3.2300617534555215e-01, 2.5247113193082782e-01,
       2.9836987192412407e+00, 5.6002952105437105e+00,
       3.6262376873630240e+00, 1.9007123778884353e+01 ]
image_points: !!opencv-matrix
   rows: 14
   cols: 70
   dt: "2f"
   data: [ 4.89930420e+02, 2.69336060e+02, 4.66042725e+02,
       2.71156464e+02, 4.35105621e+02, 2.72545349e+02, 4.05906616e+02,
       2.73469452e+02, 3.74602966e+02, 2.72680725e+02, 3.44311554e+02,
       2.73677551e+02, 3.13453857e+02, 2.73380402e+02, 2.84654297e+02,
       2.73079010e+02, 2.55370300e+02, 2.72297729e+02, 2.28658417e+02,
       2.71400269e+02, 4.90706085e+02, 2.38552231e+02, 4.65804199e+02,
       2.38991241e+02, 4.35722961e+02, 2.40129257e+02, 4.05566101e+02,
       2.40856750e+02, 3.74305695e+02, 2.41539642e+02, 3.43554321e+02,
       2.41645111e+02, 3.13178345e+02, 2.41674759e+02, 2.83250824e+02,
       2.41558594e+02, 2.54431854e+02, 2.41297714e+02, 2.26736221e+02,
       2.40558014e+02, 4.90670410e+02, 2.07384171e+02, 4.65698608e+02,
       2.08528137e+02, 4.35669342e+02, 2.09533890e+02, 4.05163971e+02,
       2.10074371e+02, 3.74115143e+02, 2.10640213e+02, 3.43031586e+02,
       2.11114655e+02, 3.12606476e+02, 2.11513748e+02, 2.82406036e+02,
       2.11465195e+02, 2.53600311e+02, 2.11571869e+02, 2.25849350e+02,
       2.11528259e+02, 4.90295715e+02, 1.77868149e+02, 4.65120209e+02,
       1.77858063e+02, 4.35313507e+02, 1.78513489e+02, 4.04616089e+02,
       1.79005829e+02, 3.73621063e+02, 1.79745911e+02, 3.42656128e+02,
       1.80256012e+02, 3.12137360e+02, 1.80651474e+02, 2.82217316e+02,
       1.81162643e+02, 2.53395844e+02, 1.81580566e+02, 2.25579529e+02,
       1.82248749e+02, 4.89058746e+02, 1.46785126e+02, 4.64174164e+02,
       1.47272339e+02, 4.34314941e+02, 1.47597397e+02, 4.03932526e+02,
       1.48122421e+02, 3.73132996e+02, 1.48639145e+02, 3.42242859e+02,
       1.49364594e+02, 3.11803009e+02, 1.49976669e+02, 2.81835663e+02,
       1.50772934e+02, 2.53337646e+02, 1.51545456e+02, 2.25465378e+02,
       1.52596481e+02, 4.87363831e+02, 1.17479156e+02, 4.62572113e+02,
       1.17452965e+02, 4.33092621e+02, 1.17492767e+02, 4.03166687e+02,
       1.17770195e+02, 3.72464020e+02, 1.18370003e+02, 3.41798126e+02,
       1.19015160e+02, 3.11710388e+02, 1.19887367e+02, 2.81884247e+02,
       1.21008698e+02, 2.53483307e+02, 1.22289917e+02, 2.25811981e+02,
       1.23580902e+02, 4.85156097e+02, 8.84961166e+01, 4.60854523e+02,
       8.83255310e+01, 4.31637756e+02, 8.82461929e+01, 4.01749573e+02,
       8.84620361e+01, 3.71718933e+02, 8.89859009e+01, 3.41466370e+02,
       8.96199493e+01, 3.11680847e+02, 9.06263962e+01, 2.82206299e+02,
       9.22754822e+01, 2.53798431e+02, 9.35559158e+01, 2.26327209e+02,
       9.54913483e+01, 4.91315033e+02, 2.68787842e+02, 4.67421417e+02,
       2.70784088e+02, 4.35824188e+02, 2.72391937e+02, 4.06453003e+02,
       2.73261169e+02, 3.74542389e+02, 2.72283936e+02, 3.43533539e+02,
       2.73471680e+02, 3.12093109e+02, 2.73196686e+02, 2.82691986e+02,
       2.72752625e+02, 2.52567917e+02, 2.71927551e+02, 2.25676544e+02,
       2.71197906e+02, 4.92215515e+02, 2.37475739e+02, 4.66917725e+02,
       2.38080307e+02, 4.36529907e+02, 2.39138641e+02, 4.05712311e+02,
       2.39862900e+02, 3.74163452e+02, 2.40519577e+02, 3.42751343e+02,
       2.40607971e+02, 3.11599945e+02, 2.40838837e+02, 2.81268158e+02,
       2.40679413e+02, 2.51737137e+02, 2.40360794e+02, 2.23605591e+02,
       2.39636063e+02, 4.92314758e+02, 2.05725189e+02, 4.66677246e+02,
       2.07086319e+02, 4.36522919e+02, 2.07777802e+02, 4.05420044e+02,
       2.08569595e+02, 3.73834808e+02, 2.09244141e+02, 3.42178467e+02,
       2.09610977e+02, 3.10967499e+02, 2.09949158e+02, 2.80386169e+02,
       2.10196686e+02, 2.50917999e+02, 2.10193542e+02, 2.22752014e+02,
       2.10152893e+02, 4.91711273e+02, 1.75653412e+02, 4.66356323e+02,
       1.75800262e+02, 4.36014221e+02, 1.76530685e+02, 4.04851257e+02,
       1.77117706e+02, 3.73375671e+02, 1.77651260e+02, 3.41733765e+02,
       1.78220123e+02, 3.10613129e+02, 1.78585861e+02, 2.79852814e+02,
       1.79132233e+02, 2.50454208e+02, 1.79599396e+02, 2.22381912e+02,
       1.80208466e+02, 4.90671814e+02, 1.44333893e+02, 4.65313965e+02,
       1.44759628e+02, 4.35140869e+02, 1.44919952e+02, 4.04337982e+02,
       1.45559326e+02, 3.72759460e+02, 1.45936356e+02, 3.41447571e+02,
       1.46630905e+02, 3.10401306e+02, 1.47273956e+02, 2.79608978e+02,
       1.48225967e+02, 2.50502243e+02, 1.49119385e+02, 2.22123245e+02,
       1.49986008e+02, 4.89003876e+02, 1.14588417e+02, 4.63781036e+02,
       1.14342026e+02, 4.33928009e+02, 1.14285149e+02, 4.03387604e+02,
       1.14591034e+02, 3.72268646e+02, 1.15071144e+02, 3.41036407e+02,
       1.15765350e+02, 3.10305054e+02, 1.16662437e+02, 2.79686310e+02,
